01 : 01 01 01 01 01 01 01 -> 0
02 : 02 02 02 02 02 02 02 -> 0
03 : 03 03 03 23 23 03 03 -> 2
04 : 23 23 23 23 04 04 23 -> 5
05 : 05 05 05 05 05 05 05 -> 0
06 : 06 06 06 06 06 06 06 -> 0
07 : 35 17 07 07 07 07 01 -> 3
08 : 08 08 08 08 08 08 08 -> 0
09 : 03 03 23 23 23 23 23 -> 7
10 : 10 10 10 10 10 10 10 -> 0
11 : 11 11 11 11 11 11 11 -> 0
12 : 05 25 03 03 05 03 12 -> 6
13 : 13 13 13 13 13 13 13 -> 0
14 : 14 01 14 14 01 01 14 -> 3
15 : 15 35 15 35 15 35 35 -> 4
16 : 19 19 01 24 01 24 01 -> 7
17 : 01 17 17 01 01 17 01 -> 4
18 : 05 05 05 05 05 05 05 -> 7
19 : 19 19 19 19 19 19 19 -> 0
20 : 03 01 23 23 04 01 20 -> 6
21 : 01 24 01 24 39 01 33 -> 7
22 : 22 22 22 22 22 22 22 -> 0
23 : 03 23 03 23 23 23 23 -> 2
24 : 24 24 24 24 24 24 24 -> 0
25 : 25 05 25 25 25 25 25 -> 1
26 : 23 23 05 05 23 26 05 -> 6
27 : 27 27 27 27 27 27 27 -> 0
28 : 01 01 23 01 23 01 23 -> 7
29 : 29 29 30 30 30 29 29 -> 3
30 : 30 39 30 39 30 30 30 -> 2
31 : 24 24 39 39 31 39 24 -> 6
32 : 32 32 01 24 40 24 05 -> 5
33 : 33 33 33 33 39 24 33 -> 2
34 : 34 24 34 24 34 34 34 -> 2
35 : 35 35 35 35 35 35 05 -> 1
36 : 01 36 24 01 01 01 01 -> 6
37 : 01 01 01 37 01 37 37 -> 4
38 : 38 38 38 03 38 23 03 -> 3
39 : 39 39 39 39 39 39 39 -> 0
40 : 05 05 40 05 40 05 05 -> 5
Total errors: 116